q 200
5 1 2 3 4 5
6 0 2 4 5 6 7
7 0 1 3 5 8 9 10
8 2 4 6 9 11 12 13 14
9 1 3 5 7 10 15 16 17 18
7 2 4 6 8 11 19 20
6 3 5 7 9 12 21
5 4 6 8 10 13
4 5 7 9 14
3 6 8 15
3 1 11 16
3 2 10 12
3 3 11 13
3 4 12 14
3 5 13 15
3 6 14 21
3 7 15 22
3 8 16 23
3 9 17 24
3 10 18 25
3 11 19 26
3 12 20 27
3 13 21 28
3 14 22 29
3 15 23 30
3 16 24 31
3 17 25 32
3 18 26 33
3 19 27 34
3 20 28 35
3 21 29 36
3 22 30 37
3 23 31 38
3 24 32 39
3 25 33 40
3 26 34 41
3 27 35 42
3 28 36 43
3 29 37 44
3 30 38 45
3 31 39 46
3 32 40 47
3 33 41 48
3 34 42 49
3 35 43 50
3 36 44 51
3 37 45 52
3 38 46 53
3 39 47 54
3 40 48 55
3 41 49 56
3 42 50 57
3 43 51 58
3 44 52 59
3 45 53 60
3 46 54 61
3 47 55 62
3 48 56 63
3 49 57 64
3 50 58 65
3 51 59 66
3 52 60 67
3 53 61 68
3 54 62 69
3 55 63 70
3 56 64 71
3 57 65 72
3 58 66 73
3 59 67 74
3 60 68 75
3 61 69 76
3 62 70 77
3 63 71 78
3 64 72 79
3 65 73 80
3 66 74 81
3 67 75 82
3 68 76 83
3 69 77 84
3 70 78 85
3 71 79 86
3 72 80 87
3 73 81 88
3 74 82 89
3 75 83 90
3 76 84 91
3 77 85 92
3 78 86 93
3 79 87 94
3 80 88 95
3 81 89 96
3 82 90 97
3 83 91 98
3 84 92 99
3 85 93 100
3 86 94 101
3 87 95 102
3 88 96 103
3 89 97 104
3 90 98 105
3 91 99 106
3 92 100 107
3 93 101 108
3 94 102 109
3 95 103 110
3 96 104 111
3 97 105 112
3 98 106 113
3 99 107 114
3 100 108 115
3 101 109 116
3 102 110 117
3 103 111 118
3 104 112 119
3 105 113 120
3 106 114 121
3 107 115 122
3 108 116 123
3 109 117 124
3 110 118 125
3 111 119 126
3 112 120 127
3 113 121 128
3 114 122 129
3 115 123 130
3 116 124 131
3 117 125 132
3 118 126 133
3 119 127 134
3 120 128 135
3 121 129 136
3 122 130 137
3 123 131 138
3 124 132 139
3 125 133 140
3 126 134 141
3 127 135 142
3 128 136 143
3 129 137 144
3 130 138 145
3 131 139 146
3 132 140 147
3 133 141 148
3 134 142 149
3 135 143 150
3 136 144 151
3 137 145 152
3 138 146 153
3 139 147 154
3 140 148 155
3 141 149 156
3 142 150 157
3 143 151 158
3 144 152 159
3 145 153 160
3 146 154 161
3 147 155 162
3 148 156 163
3 149 157 164
3 150 158 165
3 151 159 166
3 152 160 167
3 153 161 168
3 154 162 169
3 155 163 170
3 156 164 171
3 157 165 172
3 158 166 173
3 159 167 174
3 160 168 175
3 161 169 176
3 162 170 177
3 163 171 178
3 164 172 179
3 165 173 180
3 166 174 181
3 167 175 182
3 168 176 183
3 169 177 184
3 170 178 185
3 171 179 186
3 172 180 187
3 173 181 188
3 174 182 189
3 175 183 190
3 176 184 191
3 177 185 192
3 178 186 193
3 179 187 194
3 180 188 195
3 181 189 196
3 182 190 197
3 183 191 198
3 184 192 199
3 185 193 200
3 186 194 195
3 187 195 196
3 188 196 197
3 189 197 198
3 190 198 199
3 191 199 200
2 192 200
2 193 194
1 195
1 196
2 197 198
1 199
1 200
1 2 3 4 5 6 7 8 9 10 11 12 13 14 15 16 17 18 19 20 21 22 23 24 25 26 27 28 29 30 31 32 33 34 35 36 37 38 39 40 41 42 43 44 45 46 47 48 49 50 51 52 53 54 55 56 57 58 59 60 61 62 63 64 65 66 67 68 69 70 71 72 73 74 75 76 77 78 79 80 81 82 83 84 85 86 87 88 89 90 91 92 93 94 95 96 97 98 99 100 101 102 103 104 105 106 107 108 109 110 111 112 113 114 115 116 117 118 119 120 121 122 123 124 125 126 127 128 129 130 131 132 133 134 135 136 137 138 139 140 141 142 143 144 145 146 147 148 149 150 151 152 153 154 155 156 157 158 159 160 161 162 163 164 165 166 167 168 169 170 171 172 173 174 175 176 177 178 179 180 181 182 183 184 185 186 187 188 189 190 191 192 193 194 195 196 197 198 199 200
